48
48
48
47
47
47
47
47
47
47
47
46
44
44
44
43
43
43
43
43
43
43
42
42
40
40
39
39
39
39
38
39
39
39
39
40
37
37
37
37
37
37
37
38
38
38
38
39
42
43
43
44
44
44
44
45
45
46
45
46
48
48
48
49
48
49
49
49
48
48
47
47
49
49
48
48
48
48
48
48
48
49
49
49
51
51
51
51
52
51
51
51
51
51
51
51
53
53
53
53
53
53
52
52
52
51
52
51
53
52
52
51
52
51
51
51
51
51
51
51
51
51
51
49
49
50
50
50
50
50
50
49
50
51
51
51
52
52
52
52
52
51
51
51
53
53
53
54
55
54
54
55
55
55
54
54
57
56
56
56
56
57
57
56
57
56
57
58
61
62
62
62
64
64
63
64
65
66
66
67
70
71
71
72
72
73
74
73
74
75
74
73
69
69
68
69
69
70
71
70
71
72
71
73
66
68
69
70
69
68
66
66
67
67
66
67
65
65
65
66
66
66
66
67
66
63
62
60
58
57
57
56
56
54
55
55
54
54
54
54
53
53
53
52
51
50
48
49
49
49
49
50
48
47
47
47
47
49
49
49
50
50
51
49
48
47
47
46
45
45
46
45
45
44
44
45
43
44
44
45
45
45
46
46
46
46
46
46
44
44
44
44
45
45
45
46
46
45
45
45
43
43
43
43
43
43
43
43
42
42
42
42
40
41
40
40
41
41
41
41
41
41
42
42
40
40
40
41
41
41
42
42
42
42
43
43
