48
48
48
47
47
47
46
47
47
46
46
45
43
43
44
43
44
43
43
43
42
42
42
42
40
41
40
40
41
41
41
41
41
41
42
42
40
40
40
41
41
41
42
42
42
42
43
43
45
46
46
47
47
48
49
48
48
48
45
45
47
48
48
48
47
48
47
47
47
47
47
46
49
48
48
48
48
48
48
48
47
49
49
49
50
50
50
50
50
50
50
50
50
50
50
50
51
51
51
51
51
51
51
51
51
51
51
51
51
51
50
54
54
54
55
56
56
55
55
54
52
51
51
52
52
50
50
50
50
51
50
51
50
51
51
52
52
52
52
52
52
53
52
53
55
56
56
56
56
57
57
57
56
55
55
55
56
57
57
57
57
57
58
58
59
59
60
60
63
63
64
64
65
64
65
65
66
66
66
67
71
71
71
71
72
73
72
73
73
74
73
73
70
69
70
71
70
71
71
70
70
70
70
71
67
68
68
68
69
69
68
68
69
68
69
69
67
68
67
65
65
64
66
65
66
67
66
65
64
63
63
63
56
61
61
54
56
48
54
56
56
56
57
57
57
55
55
49
50
50
54
52
53
51
51
50
51
50
50
36
41
49
49
47
44
42
42
43
37
35
38
38
38
40
38
38
37
40
37
39
37
38
39
38
38
40
41
41
41
44
45
45
46
47
49
49
48
44
44
45
42
40
42
41
42
41
42
42
42
41
41
42
38
38
37
37
36
36
37
38
38
39
39
40
37
37
38
39
39
40
40
40
41
40
40
40
