48
47
47
46
45
44
44
44
44
44
44
44
42
41
41
41
41
41
41
41
41
41
41
41
39
39
40
41
42
43
42
42
42
42
42
41
38
38
38
40
40
40
40
40
42
42
42
42
47
47
47
47
45
45
45
47
49
49
52
53
56
58
58
59
60
62
63
62
62
62
62
60
62
64
63
61
61
61
60
61
61
62
60
61
63
61
62
63
63
62
62
62
61
59
61
62
63
63
62
62
62
62
59
59
59
59
59
59
61
62
62
63
62
62
62
63
64
63
63
63
64
65
65
65
65
65
64
64
63
63
63
64
63
62
60
59
58
55
55
53
48
51
52
51
54
53
52
52
51
51
52
52
53
53
54
54
57
57
57
56
58
57
58
58
59
58
58
59
63
63
65
66
66
67
67
67
68
66
67
67
70
70
70
71
71
71
71
71
72
71
72
72
66
67
66
69
69
68
68
68
69
69
68
70
67
67
68
68
71
67
70
70
72
72
69
69
69
67
68
68
67
66
67
65
64
64
63
62
60
60
59
59
58
60
60
60
58
58
57
58
57
56
56
56
56
55
54
53
53
52
51
51
49
48
49
49
51
49
48
48
48
48
48
47
46
46
45
44
44
43
44
44
44
44
45
45
43
43
42
42
41
42
42
42
43
42
42
43
41
41
42
42
42
42
42
43
43
43
43
43
41
41
41
41
41
41
42
42
42
42
42
42
40
40
39
39
39
39
38
39
39
39
39
40
37
37
37
37
37
37
37
38
38
38
38
39
