56
56
56
56
57
57
58
58
58
58
58
58
60
61
61
61
61
61
61
61
62
61
62
62
64
64
64
64
63
63
63
63
63
62
63
63
65
64
65
64
64
64
64
63
63
63
63
63
65
64
64
64
64
63
64
64
64
64
64
64
66
66
66
66
66
66
66
66
66
66
66
67
68
68
68
68
68
68
68
68
68
68
67
67
68
68
67
68
67
67
67
67
67
67
67
66
68
68
67
65
66
66
66
63
59
56
53
54
58
59
59
59
59
59
59
59
59
60
60
60
63
64
65
66
66
65
66
66
66
66
66
66
70
70
69
71
71
71
70
70
71
71
70
71
67
68
68
68
68
70
69
69
69
69
69
69
66
66
66
65
64
64
65
64
64
63
62
64
63
63
63
62
62
61
59
59
58
58
57
57
55
55
56
55
55
56
57
57
56
56
55
54
52
51
50
50
50
50
51
52
53
53
53
53
52
52
50
49
51
50
49
49
52
54
57
57
56
56
55
55
53
55
53
53
53
53
53
53
46
48
48
48
48
50
50
50
51
52
52
51
48
48
48
50
50
50
51
53
53
53
54
54
54
55
56
56
56
56
56
56
56
56
57
56
54
54
54
54
54
54
55
54
55
56
56
56
54
54
54
54
55
55
55
56
56
56
56
57
