51
51
51
52
52
52
53
55
54
55
56
56
56
56
57
58
57
57
57
57
57
57
57
57
54
54
54
54
54
54
55
54
55
56
56
56
54
54
54
54
55
55
55
56
56
56
56
57
61
61
62
61
61
61
61
60
60
59
59
59
62
62
62
62
62
63
63
61
61
61
62
61
63
62
62
63
63
63
63
63
63
63
63
63
64
64
64
64
63
63
63
63
63
63
62
62
63
64
63
63
62
62
62
62
61
61
61
61
62
63
63
63
63
62
62
63
62
63
63
63
65
64
64
64
64
63
62
61
58
56
57
57
55
54
51
49
50
51
50
49
49
49
50
50
53
54
54
55
55
54
55
54
55
54
54
54
55
56
57
57
57
57
57
57
58
58
59
58
60
61
61
61
61
62
62
63
62
63
63
64
67
66
67
67
68
68
68
69
69
69
68
71
67
68
69
70
70
69
69
70
70
70
70
70
67
68
68
70
69
70
70
70
70
70
71
69
66
66
66
64
64
64
64
63
63
62
63
62
60
59
60
58
58
58
57
57
56
56
56
56
54
54
54
54
54
53
53
53
53
53
53
53
51
50
50
50
49
49
49
49
49
48
48
49
47
47
47
47
47
47
47
46
46
46
45
46
43
43
44
44
44
44
44
44
43
44
44
45
44
43
43
43
44
43
44
44
45
45
45
45
43
43
43
43
43
43
43
43
44
44
43
43
40
40
41
40
40
40
41
41
41
41
41
41
38
39
39
39
39
39
40
40
40
39
38
38
