48
48
47
47
47
47
47
47
47
47
47
47
44
44
44
44
43
44
43
43
43
43
43
43
40
40
41
40
40
40
41
41
41
41
41
41
38
39
39
39
39
39
40
40
40
39
38
38
42
44
44
45
45
46
45
46
46
46
46
47
49
48
48
48
48
48
48
48
48
49
49
49
52
51
51
51
50
49
49
49
49
48
47
47
50
50
50
50
51
52
51
51
50
50
50
50
52
51
51
51
51
51
51
51
51
51
52
52
53
54
54
53
53
52
52
52
52
52
51
50
52
52
52
53
52
52
52
51
51
51
51
51
52
52
52
52
52
52
53
52
53
53
53
54
56
56
55
55
56
56
56
57
57
57
57
58
60
60
60
60
60
60
61
61
61
60
61
61
63
63
63
64
64
64
64
64
64
64
64
64
67
67
67
67
67
67
66
66
67
67
67
68
66
66
67
67
66
66
67
66
66
65
65
64
62
62
63
64
64
65
65
67
68
67
68
66
63
63
61
61
62
62
63
63
63
65
65
68
66
67
63
61
60
61
59
59
56
57
55
56
55
54
56
56
54
53
52
52
51
51
51
50
47
47
48
49
49
47
48
48
48
47
48
48
46
46
45
45
45
46
46
46
46
45
45
45
43
43
42
42
43
43
43
44
44
44
44
44
43
43
43
43
44
43
43
43
43
42
42
43
41
41
41
41
41
41
41
41
40
41
41
41
39
39
39
39
40
