54
55
54
55
55
54
54
53
53
52
51
50
50
50
50
48
49
47
47
47
46
46
46
45
45
44
42
43
41
40
41
44
46
46
47
49
49
49
50
51
52
53
53
53
54
53
54
54
54
55
56
56
58
59
59
59
60
59
59
60
59
59
59
60
61
60
61
62
62
64
64
65
65
64
64
62
61
61
61
61
61
62
62
62
62
62
61
59
59
58
57
55
55
55
54
54
55
55
55
55
54
54
54
54
52
54
54
54
55
55
55
55
55
55
55
56
56
56
54
54
55
54
54
54
54
54
53
52
52
52
52
52
54
53
54
53
53
54
54
53
53
53
54
53
56
56
56
56
56
56
57
57
57
56
57
58
60
60
60
60
59
59
59
59
57
59
59
59
62
62
60
60
60
60
60
61
60
60
59
59
63
62
63
62
60
58
61
61
60
62
61
62
59
60
58
59
59
57
60
60
60
62
62
63
63
60
61
61
62
61
63
63
63
63
63
65
67
65
64
65
65
67
67
67
67
68
67
67
68
65
65
64
63
64
63
63
63
63
64
64
62
64
64
64
62
59
58
57
57
55
55
54
54
53
53
53
54
52
53
53
53
52
49
49
49
47
45
44
43
43
44
43
43
45
45
46
46
45
44
43
42
43
41
42
42
43
45
44
44
43
43
44
44
44
43
43
42
41
41
42
40
39
38
39
41
42
43
42
43
42
44
47
46
46
42
41
41
42
40
41
42
42
43
44
45
46
47
47
48
48
50
51
52
53
53
53
55
